viewPoint: (400.000000 , 300.000000)
Polygons:
(92.000000 , 276.000000) (94.000000 , 385.000000) (196.000000 , 330.000000) 
VisibilityPolygon:
(0.000000 , 268.831146) (92.000000 , 276.000000) (0.000000 , 0.000000) (800.000000 , 0.000000) (800.000000 , 600.000000) (0.000000 , 600.000000) (0.000000 , 411.111115) (94.000000 , 385.000000) (196.000000 , 330.000000) 







viewPoint: (400.000000 , 160.000000)
Polygons:
(148.000000 , 156.000000) (126.000000 , 236.000000) (225.000000 , 201.000000) 
===
viewPoint: (300.000000 , 205.000000)
Polygons:
(133.000000 , 202.000000) (130.000000 , 297.000000) (205.000000 , 249.000000) 


